Adlercreutzia	Agathobacter	Akkermansia	Alistipes	Anaerostipes	Angelakisella	Bacteroides	Bifidobacterium	Bilophila	Blautia	Butyricicoccus	Butyricimonas	CAG.56	Christensenellaceae.R.7.group	Clostridium.sensu.stricto.1	Colidextribacter	Collinsella	Coprococcus	DTU089	Dialister	Dorea	Erysipelatoclostridium	Erysipelotrichaceae.UCG.003	Escherichia.Shigella	Faecalibacterium	Family.XIII.AD3011.group	Family.XIII.UCG.001	Flavonifractor	Fusicatenibacter	GCA.900066575	Haemophilus	Holdemania	Incertae.Sedis	Intestinibacter	Intestinimonas	Lachnoclostridium	Lachnospira	Lachnospiraceae.AC2044.group	Lachnospiraceae.FCS020.group	Lachnospiraceae.ND3007.group	Lachnospiraceae.NK4A136.group	Lachnospiraceae.UCG.001	Lachnospiraceae.UCG.004	Lachnospiraceae.UCG.009	Lachnospiraceae.UCG.010	Lachnotalea	Marvinbryantia	Methanobrevibacter	Monoglobus	NK4A214.group	Odoribacter	Oscillibacter	Oscillospira	Oxalobacter	Parabacteroides	Parasutterella	Phascolarctobacterium	Prevotella_9	Romboutsia	Roseburia	Ruminococcus	Shuttleworthia	Streptococcus	Subdoligranulum	Sutterella	Terrisporobacter	Turicibacter	UBA1819	UCG.002	UCG.003	UCG.005	UCG.009	X.Eubacterium..eligens.group	X.Eubacterium..fissicatena.group	X.Eubacterium..hallii.group	X.Eubacterium..ruminantium.group	X.Eubacterium..siraeum.group	X.Eubacterium..ventriosum.group	X.Eubacterium..xylanophilum.group	X.Ruminococcus..gauvreauii.group	X.Ruminococcus..gnavus.group	X.Ruminococcus..torques.group	f_Christensenellaceae_ASV181	f_Coriobacteriales.Incertae.Sedis_ASV433	f_Eggerthellaceae_ASV319	f_Erysipelotrichaceae_ASV487	f_Lachnospiraceae_ASV117	f_Lachnospiraceae_ASV239	f_Lachnospiraceae_ASV259	f_Lachnospiraceae_ASV275	f_Lachnospiraceae_ASV283	f_Lachnospiraceae_ASV297	f_Lachnospiraceae_ASV326	f_Lachnospiraceae_ASV384	f_Lachnospiraceae_ASV398	f_Lachnospiraceae_ASV410	f_Lachnospiraceae_ASV514	f_Lachnospiraceae_ASV532	f_Lachnospiraceae_ASV555	f_Lachnospiraceae_ASV558	f_NA_ASV128	f_NA_ASV156	f_NA_ASV184	f_NA_ASV516	f_NA_ASV691	f_Oscillospiraceae_ASV141	f_Ruminococcaceae_ASV327	f_Ruminococcaceae_ASV610	f_UCG.010_ASV245	f_UCG.010_ASV667	f_.Eubacterium..coprostanoligenes.group_ASV203
BSS003	0	899	0	170	383	0	1735	0	43	3033	178	0	73	399	100	23	64	923	0	28	194	0	195	0	1715	14	0	2	459	28	49	4	33	0	4	208	79	16	46	135	65	13	115	1	24	5	163	31	80	29	27	3	5	11	142	31	138	17864	28	144	356	5	15	192	12	0	29	2	160	76	175	0	107	6	249	0	84	24	67	125	0	379	32	0	22	0	5	19	28	39	22	1	7	7	37	6	28	0	3	10	28	0	28	0	3	0	0	0	18	6	84
BSS005	0	677	0	1020	846	1	12264	2763	0	5206	119	0	0	0	10	29	0	111	1	239	497	23	454	5	2405	0	0	47	313	0	31	0	51	107	4	136	128	0	0	1	18	0	303	7	2	0	12	0	107	0	0	18	0	0	2285	2339	0	2	9	127	203	0	31	220	0	205	65	1	4	0	0	0	2	0	0	0	1	269	7	375	235	479	0	0	0	0	0	0	0	0	0	2	7	0	0	0	0	60	0	0	0	0	0	0	0	0	0	0	0	0	0
BSS006	9	1152	1	1263	185	0	3648	0	86	2970	0	0	0	4	3	35	0	42	7	134	25	7	0	6	1605	0	0	56	159	0	0	5	17	59	13	38	86	0	0	54	82	116	35	4	6	0	3	0	33	49	0	32	0	0	141	355	0	0	66	481	1	0	42	298	0	1	11	4	0	0	0	0	10	0	204	0	0	0	23	122	32	137	0	15	0	6	0	0	0	0	0	0	2	0	0	0	0	0	0	1	0	0	0	0	0	0	0	11	0	0	0
BSS007	15	1633	0	359	258	0	5019	26	164	3712	234	1	455	250	3	46	31	148	0	0	316	0	522	0	2868	2	19	5	1539	9	4	5	19	48	45	374	121	0	4	328	35	6	81	3	0	12	73	0	54	40	18	19	0	17	532	417	149	1	5	269	1725	35	86	1130	0	0	23	12	360	110	18	0	24	9	333	945	0	208	376	91	0	99	0	3	0	9	0	46	17	9	22	9	7	40	0	3	0	0	18	5	336	0	0	14	0	0	0	0	0	0	0
BSS009	20	452	102	1152	66	0	2338	148	157	2668	85	0	36	281	47	12	204	391	4	0	236	0	117	4	769	3	10	10	1066	5	0	2	24	16	6	61	172	9	11	58	310	0	23	2	13	2	75	0	3	73	16	15	4	0	96	7	0	1	14	260	508	0	13	3391	94	0	73	9	440	124	38	12	15	7	160	0	0	16	77	85	5	397	0	2	0	52	0	7	6	6	0	0	7	6	0	1	4	0	0	0	0	116	28	0	7	96	19	10	0	0	56
BSS013	0	468	2	27	9	4	90	13	7	830	326	0	0	174	28	40	9	236	0	0	312	0	22	0	2358	13	0	0	193	12	7	0	20	12	5	168	18	47	4	4	37	82	113	1	23	70	30	34	29	11	1	5	1	30	40	5	0	6132	23	293	89	61	4	326	1	20	0	2	606	114	89	20	120	1	286	44	198	13	56	118	2	172	5	0	68	1	0	8	17	0	8	0	8	4	0	12	51	0	7	7	0	0	32	2	13	0	0	0	5	15	0
BSS015	2	2760	782	496	230	0	3376	264	7	1424	328	5	94	509	153	115	89	462	14	0	212	0	163	10	1189	13	0	4	1387	11	0	1	302	46	44	364	143	3	8	148	696	95	96	0	18	7	9	128	176	81	42	49	13	6	727	24	6	1	202	619	414	0	62	655	359	1	43	5	418	155	227	2	30	17	264	1	6	88	225	226	0	254	28	0	68	25	29	45	30	11	14	13	9	8	4	4	2	0	3	4	55	5	2	8	3	63	1	1	14	22	0
BSS017	0	1771	0	132	1270	0	16742	397	164	4087	295	0	332	1	9	37	49	324	0	0	279	0	0	0	3305	5	0	87	931	0	9	14	14	47	38	486	3	0	26	158	22	2	196	3	0	0	3	0	117	0	43	25	0	0	267	0	0	3	576	285	2	0	14	44	350	0	39	11	4	0	0	0	0	5	481	2	1	0	1	203	52	38	0	0	0	0	25	10	0	31	0	0	0	4	2	0	0	17	0	0	0	0	0	0	0	36	25	0	0	0	0
BSS021	0	1808	139	1097	221	5	4820	1445	138	763	167	7	0	697	9	29	39	76	3	0	137	0	49	0	937	6	1	6	151	3	0	3	4	21	29	73	273	1	6	102	50	321	211	2	21	0	4	0	147	386	7	26	5	0	216	189	67	0	202	283	650	0	0	628	0	0	0	1	391	275	81	9	157	3	244	0	1	15	65	25	1	59	22	28	0	0	2	16	0	0	17	0	1	1	6	0	6	0	0	4	0	47	0	1	0	24	22	12	0	13	89
BSS023	0	158	0	140	770	0	4275	978	117	1068	121	0	0	6	20	20	0	85	0	77	20	2	16	0	2821	0	0	23	198	0	0	0	14	16	0	50	1	0	0	0	8	0	72	0	5	0	0	0	67	0	0	7	0	0	2306	160	0	1	5	74	14	0	11	819	0	0	0	0	1	0	0	0	48	0	0	0	0	0	0	0	30	39	0	0	0	0	0	1	5	0	0	0	0	4	0	0	0	0	0	0	0	0	0	0	0	15	0	0	0	0	0
BSS024	0	934	244	347	225	0	598	70	189	1790	84	0	34	202	0	67	103	355	4	0	110	0	79	3	474	83	0	2	417	8	1	0	111	1	3	201	77	57	6	150	552	0	63	0	33	4	58	140	112	239	30	8	0	6	195	2	148	6089	45	603	315	0	9	460	371	0	0	6	202	118	206	1	38	19	435	424	230	17	7	261	0	541	48	1	6	0	311	29	34	8	1	4	3	9	37	1	11	0	1	2	68	0	26	0	5	0	0	5	45	6	9
BSS029	3	177	1	327	322	0	8860	207	244	1509	118	0	275	3	0	69	103	149	0	0	394	0	214	19	677	1	0	34	440	0	52	1	0	1	0	660	1890	0	47	10	25	1	183	0	50	0	20	0	21	5	24	0	0	0	229	20	160	4	83	1083	1	0	37	265	962	0	1	1	40	32	8	0	1	0	277	0	0	20	0	47	21	858	0	0	0	0	0	33	12	6	0	0	9	10	0	0	0	0	0	0	1	0	0	0	0	0	1	0	0	0	0
BSS030	1	1062	0	1032	370	0	2828	2367	65	1865	79	0	60	349	44	42	77	24	2	152	442	3	24	16	2800	5	0	4	522	3	7	5	43	125	19	72	221	2	12	202	91	26	28	3	1	0	17	140	35	79	26	13	1	0	158	164	0	2	396	203	2372	0	7	1849	0	0	72	2	225	74	247	14	36	0	338	1	46	63	38	47	0	104	0	1	0	30	0	0	9	1	4	3	1	1	0	0	1	1	2	1	0	0	7	6	7	49	18	3	0	0	0
BSS032	2	32	0	2375	728	0	7867	189	180	4171	66	0	0	60	0	11	0	178	9	76	150	10	283	0	3368	0	5	37	524	3	0	0	609	28	8	220	45	0	1	71	36	26	43	15	20	0	24	0	855	0	21	51	0	0	630	249	0	1	43	73	30	0	4	143	0	0	1	12	132	29	10	0	44	0	0	0	2	6	0	0	55	99	0	0	0	0	0	9	15	0	18	29	41	3	0	1	0	0	5	0	1	0	0	0	7	60	0	5	0	0	0
BSS035	0	574	0	0	156	0	2379	5157	0	854	156	0	248	0	0	0	196	70	0	0	106	0	77	0	1332	0	0	0	650	8	162	0	0	4	0	75	178	0	71	68	20	0	99	0	1	0	14	0	16	0	0	0	0	0	21	0	0	0	0	148	2	0	147	391	0	0	0	0	0	0	0	0	7	0	126	0	0	26	0	0	14	316	0	0	0	0	2	2	12	0	7	0	5	0	0	0	0	0	7	0	0	0	0	0	0	0	0	0	0	0	0
BSS036	3	1093	68	551	116	18	1555	24	250	2523	59	0	53	252	269	20	26	285	13	1	211	1	65	1	2048	2	12	24	252	4	1	0	20	86	25	351	162	0	15	100	210	93	13	1	9	0	155	0	44	106	21	37	5	6	573	8	5	3	58	90	1123	0	18	1774	257	1	11	7	86	0	114	1	1	1	386	4	55	25	51	68	7	136	0	39	0	0	65	12	5	5	7	14	5	0	0	6	0	6	1	0	34	13	38	0	7	0	15	6	0	0	0
BSS039	1	377	1	405	264	4	1683	1217	90	1545	56	0	3	246	264	28	122	527	8	123	82	3	24	0	2215	10	0	1	477	0	1	1	313	160	5	55	24	7	25	226	20	35	3	0	1	7	35	230	5	36	35	10	1	0	520	162	0	0	495	115	1675	0	2	697	0	54	137	1	451	77	218	2	329	9	282	0	15	55	89	107	0	277	194	0	0	26	52	0	0	4	5	1	5	1	0	1	4	0	6	11	0	0	0	0	5	74	1	11	30	0	0
BSS040	23	112	0	5711	2304	2	1620	3794	0	1833	1	11	1	390	0	58	322	22	10	0	59	80	501	1	391	0	0	88	179	0	1	1	117	125	4	64	10	0	0	90	28	3	0	4	12	0	7	0	3	108	0	199	1	0	365	5	3	13	140	62	148	0	2	576	14	0	0	59	0	0	380	1	57	6	510	0	0	5	0	1	0	7	0	18	0	0	1	1	1	0	0	6	0	0	0	0	0	5	0	2	0	0	0	0	14	198	1	2	0	0	252
BSS041	16	1718	0	535	487	0	3965	49	160	3916	102	0	187	32	0	9	135	331	12	0	206	23	339	1	1699	5	18	23	360	14	0	4	24	68	105	221	19	0	36	134	82	38	85	1	1	0	24	0	65	5	0	33	20	0	2466	0	121	1	2	222	207	32	6	627	0	0	0	6	135	29	5	4	32	0	302	1	0	74	0	79	1	93	0	0	161	0	3	35	11	1	6	16	11	17	18	7	0	0	0	6	0	0	0	12	0	46	27	5	1	0	0
BSS043	1	2008	61	848	477	0	7790	407	61	2416	232	28	0	21	1	20	19	51	2	0	193	5	334	9	1324	5	0	8	806	1	0	5	15	0	9	153	109	0	7	292	213	0	98	4	26	0	21	0	259	127	17	12	4	0	120	0	1	1	165	508	4	0	127	196	237	0	0	21	309	73	77	8	25	0	350	631	337	122	0	0	3	279	0	10	0	0	1	5	19	0	0	0	4	3	0	1	0	0	0	0	0	0	0	0	4	38	0	0	0	0	56
BSS046	0	2315	0	380	265	1	2969	436	1	2496	135	7	55	1202	136	47	18	949	0	44	169	0	85	3	2395	6	0	2	841	3	60	1	24	42	0	140	233	10	13	194	58	0	88	3	6	3	36	23	80	51	28	4	5	16	148	13	25	1145	465	328	787	8	36	1338	139	205	43	6	139	158	159	1	217	0	230	1	433	29	114	9	14	107	47	0	11	0	1	18	3	5	3	6	5	0	0	13	0	4	1	7	732	0	52	0	1	23	1	3	12	2	0
BSS047	0	1513	0	720	619	0	5181	2689	1	1291	146	0	172	0	25	0	130	211	0	0	488	0	0	9	552	0	0	242	587	0	5	0	1	95	0	395	124	0	0	0	350	0	144	4	0	0	0	0	133	0	0	112	0	0	218	18	0	8022	908	278	1	0	19	200	770	0	1	8	0	1	0	0	17	0	302	1	0	19	0	0	22	376	0	0	15	0	10	2	0	44	0	0	0	0	0	0	0	0	0	0	0	0	0	0	0	0	0	0	0	0	0
BSS052	1	2288	0	292	997	0	9228	256	0	1966	193	29	0	0	16	29	113	174	2	74	230	15	348	2	2840	1	0	8	1694	2	71	6	5	5	35	234	199	0	48	93	26	294	148	0	46	9	5	0	77	0	0	9	24	0	0	227	0	0	3	627	1	0	8	658	0	1	9	0	3	22	0	0	6	1	272	0	1	77	0	85	0	253	0	0	43	0	0	48	7	5	9	0	17	16	2	0	0	9	8	2	0	0	0	0	0	17	9	0	0	0	0
BSS054	0	609	0	669	628	4	7375	1	682	3163	243	0	0	62	0	10	66	389	0	0	61	7	16	1	810	2	2	18	844	6	1	0	9	3	8	153	24	0	0	212	234	0	286	3	45	0	22	0	59	5	26	34	12	0	191	893	176	4	1	179	2	0	4	2405	0	0	2	1	174	0	5	5	0	3	755	0	7	76	37	114	13	87	0	29	0	0	0	15	0	1	2	0	26	0	25	30	0	0	0	0	0	0	0	0	1	72	5	2	0	0	0
BSS056	2	1188	0	511	272	0	6303	86	55	2215	134	0	163	19	31	8	61	71	0	106	146	0	43	4	2377	0	14	6	777	0	37	1	13	13	10	152	406	0	24	152	158	287	90	3	45	0	11	0	100	23	31	15	0	0	284	397	0	1	46	212	18	0	76	667	0	6	27	0	171	86	22	0	113	1	252	687	313	25	15	119	5	85	0	1	17	0	0	2	0	0	0	0	4	2	10	0	0	0	0	2	0	1	0	0	1	25	0	3	0	2	43
BSS058	0	3085	0	111	216	0	6690	2160	62	1864	12	0	0	34	51	66	47	75	1	0	370	55	603	133	2421	0	5	90	1073	0	3	11	119	219	13	124	822	0	0	37	51	2	20	8	1	0	0	0	93	37	88	29	1	0	879	8	58	2	83	278	165	0	81	660	321	42	67	13	7	2	1	0	63	0	404	0	2	61	0	45	177	229	0	0	0	1	1	7	1	0	6	0	0	4	0	6	0	0	0	0	0	0	0	0	20	72	22	0	1	2	0
BSS059	0	254	1	218	244	0	11913	236	74	1924	143	0	189	15	0	2	0	96	0	0	68	1	117	0	1660	0	0	9	318	0	259	1	7	5	0	618	56	0	13	142	7	0	181	1	35	0	7	0	96	0	31	5	0	0	332	49	107	37	0	110	135	0	30	499	0	0	0	2	1	0	3	0	69	2	230	0	0	6	0	161	2	98	0	0	0	0	0	22	14	13	13	0	9	5	2	16	0	0	0	0	0	0	1	0	0	7	0	0	0	0	0
BSS062	1	1037	0	202	365	5	2703	1881	398	1644	106	30	21	33	0	28	148	110	2	0	399	0	65	11	964	4	0	34	303	3	0	3	129	2	6	495	229	0	2	107	85	0	31	1	42	0	8	0	10	19	26	60	5	0	301	221	0	5438	23	99	481	0	55	447	1	1	2	17	346	7	65	1	0	2	168	102	0	20	0	225	1	250	0	4	0	0	1	4	27	1	5	0	10	2	0	2	14	0	0	0	0	0	0	16	4	47	5	1	8	16	136
BSS063	3	365	411	58	956	2	2536	1454	4	1875	114	0	3	3351	171	18	154	856	0	26	376	0	6	0	639	47	0	0	913	23	8	0	40	3	0	24	26	165	71	722	40	0	56	0	125	11	244	917	42	230	49	0	0	0	36	0	64	3	423	328	57	5	7	404	0	0	7	4	507	26	648	0	22	0	410	80	21	3	35	180	0	64	0	0	16	0	13	4	12	14	4	0	9	2	3	3	0	0	1	17	0	0	0	0	6	0	0	0	597	0	75
BSS064	6	590	461	721	1003	0	7014	235	0	2276	6	0	15	140	50	13	30	103	3	0	103	0	46	9	2223	4	18	17	225	3	5	1	51	1	2	165	155	4	20	170	155	17	50	0	36	0	39	0	54	161	81	29	4	0	344	0	0	496	9	117	1313	8	118	320	0	0	2	4	1099	59	454	26	39	0	229	29	14	38	19	18	0	284	0	0	12	0	2	7	2	19	15	0	6	3	14	3	16	0	3	5	0	0	37	0	0	0	31	26	0	0	0
BSS065	4	826	0	725	57	15	3906	870	194	1962	50	0	241	42	16	32	284	181	1	0	399	0	67	15	694	8	7	23	216	0	1	4	128	5	2	638	0	1	6	50	36	0	42	0	7	0	31	0	63	50	10	48	4	0	1383	28	39	11744	124	190	27	0	8	537	836	0	4	7	243	33	65	0	11	4	223	0	11	197	0	1	81	233	0	9	0	18	2	8	25	0	11	45	0	1	0	13	0	0	0	2	0	0	0	11	3	0	0	5	0	0	0
BSS066	5	262	0	986	303	0	8769	733	190	2332	131	0	201	55	4	53	0	177	2	26	250	10	78	5	4430	25	0	51	501	13	11	3	41	11	28	503	507	0	14	98	88	0	234	0	2	0	18	0	54	0	47	75	21	0	539	546	46	3	58	180	140	0	51	380	0	6	68	3	182	39	51	0	11	0	141	0	0	158	0	87	24	2	0	1	0	12	0	15	29	0	21	11	5	5	0	7	0	12	12	0	1	0	0	0	0	0	23	1	0	0	0
BSS068	9	477	0	593	189	0	5994	0	40	4934	78	0	0	2	0	85	82	633	2	0	247	0	2	0	455	10	0	19	457	0	0	11	34	0	9	170	0	0	6	0	190	0	78	25	131	0	24	0	0	0	28	56	4	0	102	379	0	1	0	56	2	0	98	953	65	0	0	8	40	15	18	0	1	2	512	1	27	57	0	0	66	653	0	2	18	0	0	0	20	8	18	63	23	0	0	0	0	0	2	4	0	1	0	0	6	109	20	2	0	0	0
BSS070	10	1593	357	1149	394	10	1224	92	67	1984	118	0	163	483	128	27	53	311	1	525	278	17	350	0	2977	11	0	3	338	11	1	3	59	0	3	142	206	5	57	220	49	46	78	3	67	6	124	0	171	28	0	2	1	30	128	0	0	1595	264	332	460	3	13	186	612	37	16	3	500	69	201	0	278	6	301	146	145	71	21	195	0	246	0	0	31	0	1	33	26	7	20	3	13	15	15	10	2	10	11	2	39	26	50	7	8	63	17	0	45	3	0
BSS072	7	1058	1099	1960	258	5	5186	383	80	2653	32	0	154	1678	68	35	147	405	1	98	201	0	151	44	1372	31	0	24	568	5	19	0	37	180	0	109	119	0	22	280	534	14	14	2	3	0	35	0	210	0	24	21	0	0	643	214	47	0	89	203	2236	0	67	649	0	1	106	4	842	67	539	0	172	0	100	31	41	77	79	29	6	503	0	0	20	0	0	7	1	10	12	9	19	3	0	0	0	0	0	4	0	0	50	7	4	0	24	0	6	0	68
BSS077	7	699	0	1240	302	10	1171	238	93	1319	65	0	96	1017	192	26	56	129	4	56	320	11	73	5	1774	17	7	9	703	5	1	2	19	11	7	55	194	0	24	282	175	1	35	2	20	0	60	80	31	22	66	13	2	0	122	105	0	0	110	303	1299	0	36	1590	0	2	12	6	237	22	304	0	64	4	89	207	152	48	12	100	0	370	14	2	0	11	67	6	6	8	9	17	0	2	10	1	0	0	1	6	93	36	180	0	3	36	13	12	41	18	53
BSS080	0	3176	0	290	993	0	10440	0	167	3099	137	0	147	14	2	52	44	137	0	89	496	19	222	98	2219	24	0	37	1382	3	0	0	230	141	6	209	125	1	12	1	69	6	151	1	1	0	4	0	3	32	3	17	3	0	895	0	0	0	45	149	0	0	97	239	2	0	7	0	260	86	18	1	1	0	242	0	1	0	0	134	5	544	0	0	0	0	0	11	7	6	9	12	0	11	0	0	0	0	13	3	0	0	1	0	3	34	35	0	0	0	0
BSS083	0	1390	0	408	279	29	12211	249	157	4354	57	0	0	0	0	58	35	104	1	0	273	9	214	50	992	2	0	31	899	0	3	6	4	147	3	243	92	0	12	0	12	17	65	6	19	0	0	0	251	0	37	33	6	1	315	378	62	3	25	356	789	0	24	339	0	1	16	4	1	19	16	0	51	0	310	0	0	1	13	113	12	430	0	1	4	0	0	11	18	7	0	0	7	11	0	7	0	10	0	0	0	0	0	2	0	47	13	0	0	0	0
